<?xml version="1.0"?>
<opencv_storage>
<calibration_time>"2018年11月08日 星期四 21时47分35秒"</calibration_time>
<nr_of_frames>21</nr_of_frames>
<image_width>1920</image_width>
<image_height>1080</image_height>
<board_width>11</board_width>
<board_height>8</board_height>
<square_size>65.</square_size>
<fix_aspect_ratio>1.</fix_aspect_ratio>
<!-- flags: +fix_aspectRatio +fix_principal_point +zero_tangent_dist +fix_k4 +fix_k5 -->
<flags>6158</flags>
<fisheye_model>0</fisheye_model>
<camera_matrix type_id="opencv-matrix">
  <rows>3</rows>
  <cols>3</cols>
  <dt>d</dt>
  <data>
    9.0192543754638007e+02 0. 960. 0. 9.0192543754638007e+02 540. 0. 0.
    1.</data></camera_matrix>
<distortion_coefficients type_id="opencv-matrix">
  <rows>5</rows>
  <cols>1</cols>
  <dt>d</dt>
  <data>
    -2.6522551789694315e-01 9.3921727862528878e-02 0. 0.
    -1.7294295037019555e-02</data></distortion_coefficients>
<avg_reprojection_error>1.8936826299290648e+00</avg_reprojection_error>
<per_view_reprojection_errors type_id="opencv-matrix">
  <rows>21</rows>
  <cols>1</cols>
  <dt>f</dt>
  <data>
    1.78185582e+00 1.54650378e+00 1.52389860e+00 1.29069281e+00
    1.61214745e+00 1.78462660e+00 2.47981739e+00 1.68186617e+00
    3.05804849e+00 1.77925837e+00 1.65279448e+00 1.53492546e+00
    2.46797132e+00 1.24611473e+00 2.08147001e+00 2.42140841e+00
    1.35176504e+00 1.65160668e+00 1.67470825e+00 1.53063238e+00
    2.41716123e+00</data></per_view_reprojection_errors>
<!-- a set of 6-tuples (rotation vector + translation vector) for each view -->
<extrinsic_parameters type_id="opencv-matrix">
  <rows>21</rows>
  <cols>6</cols>
  <dt>d</dt>
  <data>
    -9.6440027320152510e-01 -4.6200497868329228e-02
    2.8738522222620353e+00 2.4703150452966142e+02 1.9522706465918787e+02
    8.5192709623723215e+02 8.6809300496619368e-01
    -2.2400569755113609e-02 2.9643654724204742e+00
    3.3254019196651689e+02 2.0145568101699121e+02 4.4876231618719333e+02
    4.6461887759666282e-01 -1.0984753998278600e-02
    3.0476876820589358e+00 3.6395976776793862e+02 2.0092035592410542e+02
    5.0892909559027612e+02 7.8417830808100797e-01 7.6111592375927045e-02
    -3.0156638317022710e+00 -4.7133142344585357e+00
    2.0827702167088799e+02 7.7243758410858231e+02
    -2.4331099027298911e-01 -1.1337664098849932e-01
    3.0289198275815341e+00 4.2385913212564384e+02 1.9252084368760580e+02
    6.5049277142803555e+02 7.0712485291498969e-02
    -4.1025395084173788e-01 3.0539016556409244e+00
    5.2693383542693891e+02 1.5736632355840234e+02 6.6127397784246932e+02
    -1.3549970293713187e-01 2.4884944001874784e-02
    3.1031353932933761e+00 3.0796447913656510e+02 2.3565989857980830e+02
    5.5960300747911310e+02 -1.0157302942522203e-01
    -3.0172899470603953e-01 3.0946928727562448e+00
    2.3555544484823326e+02 2.1545820785550833e+02 6.5093915956964156e+02
    -1.4557032257490876e-01 -7.0089212320222849e-01
    3.0198250427992130e+00 2.4995706273539349e+02 2.1200292136935298e+02
    7.0966040205471347e+02 -7.5787056916722328e-01
    -4.9912935721913676e-01 2.9870559120160074e+00
    1.1979445622261697e+02 1.7718269316416945e+02 7.9861974032693172e+02
    6.1965875396116066e-01 1.7618211816095661e-01 3.0491433005832835e+00
    3.2249787349727166e+02 2.0410069914064394e+02 4.0390077049713210e+02
    -5.0413959714823986e-01 3.0471468801548086e-02
    3.0023295022665333e+00 2.5673045935120393e+02 1.9740812867216323e+02
    6.2433085926509602e+02 6.7935810075267722e-02
    -2.8869970019341629e-01 3.1130242412489744e+00
    2.9527628307679106e+02 2.3496046974698515e+02 6.2770199278926088e+02
    1.3340722281271664e-01 -4.5995655527470675e-02
    -3.1194844711723722e+00 4.7751693612743463e+02
    3.0880920116440188e+02 7.7327757952465640e+02 9.0964806501734538e-02
    1.1031486190779185e+00 -2.9211685210447214e+00
    2.6780811584800222e+02 1.1641015700048916e+02 9.1034462196329127e+02
    -1.1821280144863855e-01 1.1148854325625226e+00
    2.8971704798996245e+00 3.1522287042772638e+02 2.2892799566500491e+02
    5.1851342765413642e+02 -5.3608182612687283e-01
    3.6116420049626057e-02 3.0161345268443904e+00 2.9955096590985528e+02
    2.0261439594909882e+02 7.7372228517521671e+02 9.4094973111985070e-01
    -3.4631640627568620e-02 2.9285587753705138e+00
    3.3286780528057477e+02 1.9659577494733799e+02 4.3244503889091010e+02
    4.9570308723028983e-01 -3.0122191169972046e-02
    3.0447174342731103e+00 3.6272483085905759e+02 2.0165246309659432e+02
    5.0654375679202309e+02 7.4652028415910665e-01 3.8795446770617054e-02
    -3.0407429593426749e+00 2.2393733664669753e+01
    2.0181467575536897e+02 7.5614419592196953e+02
    -1.2379795733796736e-01 1.0944740425487844e+00
    2.9042433953769220e+00 3.1790348626345582e+02 2.2690210650776609e+02
    5.1618157520913553e+02</data></extrinsic_parameters>
